10
spodoptera 0.0000000 0.3236997 0.2063048 0.3527862 0.3406295 0.2251905 0.3046021 0.2542331 0.3511150 0.1905039 
plutella_x 0.3236997 0.0000000 0.2641068 0.3659618 0.3732722 0.3141861 0.3588836 0.3509429 0.3436911 0.3106284 
plodia_int 0.2063048 0.2641068 0.0000000 0.3668310 0.3807352 0.2483805 0.2833252 0.2346861 0.2985485 0.1325398 
phoebis_se 0.3527862 0.3659618 0.3668310 0.0000000 0.3668129 0.3080148 0.2873302 0.4077911 0.3437485 0.3584409 
papilio_po 0.3406295 0.3732722 0.3807352 0.3668129 0.0000000 0.3798098 0.3882562 0.3938028 0.3463751 0.3815672 
macrogloss 0.2251905 0.3141861 0.2483805 0.3080148 0.3798098 0.0000000 0.3565974 0.2383947 0.2826860 0.2499926 
heliconius 0.3046021 0.3588836 0.2833252 0.2873302 0.3882562 0.3565974 0.0000000 0.3245634 0.2590966 0.2907380 
bombyx_mor 0.2542331 0.3509429 0.2346861 0.4077911 0.3938028 0.2383947 0.3245634 0.0000000 0.3581017 0.2978214 
bicyclus_a 0.3511150 0.3436911 0.2985485 0.3437485 0.3463751 0.2826860 0.2590966 0.3581017 0.0000000 0.3262600 
amyelois_t 0.1905039 0.3106284 0.1325398 0.3584409 0.3815672 0.2499926 0.2907380 0.2978214 0.3262600 0.0000000 
